version https://git-lfs.github.com/spec/v1
oid sha256:855840b8f01d63663434aab94c8e775292eddfc0131a1912a5c7355dbbbcc88a
size 247828567
